feature_data =
[[ 1.00000000e+00 -1.76120000e-02  1.40530640e+01]
 [ 1.00000000e+00 -1.39563400e+00  4.66254100e+00]
 [ 1.00000000e+00 -7.52157000e-01  6.53862000e+00]
 [ 1.00000000e+00 -1.32237100e+00  7.15285300e+00]
 [ 1.00000000e+00  4.23363000e-01  1.10546770e+01]
 [ 1.00000000e+00  4.06704000e-01  7.06733500e+00]
 [ 1.00000000e+00  6.67394000e-01  1.27414520e+01]
 [ 1.00000000e+00 -2.46015000e+00  6.86680500e+00]
 [ 1.00000000e+00  5.69411000e-01  9.54875500e+00]
 [ 1.00000000e+00 -2.66320000e-02  1.04277430e+01]
 [ 1.00000000e+00  8.50433000e-01  6.92033400e+00]
 [ 1.00000000e+00  1.34718300e+00  1.31755000e+01]
 [ 1.00000000e+00  1.17681300e+00  3.16702000e+00]
 [ 1.00000000e+00 -1.78187100e+00  9.09795300e+00]
 [ 1.00000000e+00 -5.66606000e-01  5.74900300e+00]
 [ 1.00000000e+00  9.31635000e-01  1.58950500e+00]
 [ 1.00000000e+00 -2.42050000e-02  6.15182300e+00]
 [ 1.00000000e+00 -3.64530000e-02  2.69098800e+00]
 [ 1.00000000e+00 -1.96949000e-01  4.44165000e-01]
 [ 1.00000000e+00  1.01445900e+00  5.75439900e+00]
 [ 1.00000000e+00  1.98529800e+00  3.23061900e+00]
 [ 1.00000000e+00 -1.69345300e+00 -5.57540000e-01]
 [ 1.00000000e+00 -5.76525000e-01  1.17789220e+01]
 [ 1.00000000e+00 -3.46811000e-01 -1.67873000e+00]
 [ 1.00000000e+00 -2.12448400e+00  2.67247100e+00]
 [ 1.00000000e+00  1.21791600e+00  9.59701500e+00]
 [ 1.00000000e+00 -7.33928000e-01  9.09868700e+00]
 [ 1.00000000e+00 -3.64200100e+00 -1.61808700e+00]
 [ 1.00000000e+00  3.15985000e-01  3.52395300e+00]
 [ 1.00000000e+00  1.41661400e+00  9.61923200e+00]
 [ 1.00000000e+00 -3.86323000e-01  3.98928600e+00]
 [ 1.00000000e+00  5.56921000e-01  8.29498400e+00]
 [ 1.00000000e+00  1.22486300e+00  1.15873600e+01]
 [ 1.00000000e+00 -1.34780300e+00 -2.40605100e+00]
 [ 1.00000000e+00  1.19660400e+00  4.95185100e+00]
 [ 1.00000000e+00  2.75221000e-01  9.54364700e+00]
 [ 1.00000000e+00  4.70575000e-01  9.33248800e+00]
 [ 1.00000000e+00 -1.88956700e+00  9.54266200e+00]
 [ 1.00000000e+00 -1.52789300e+00  1.21505790e+01]
 [ 1.00000000e+00 -1.18524700e+00  1.13093180e+01]
 [ 1.00000000e+00 -4.45678000e-01  3.29730300e+00]
 [ 1.00000000e+00  1.04222200e+00  6.10515500e+00]
 [ 1.00000000e+00 -6.18787000e-01  1.03209860e+01]
 [ 1.00000000e+00  1.15208300e+00  5.48467000e-01]
 [ 1.00000000e+00  8.28534000e-01  2.67604500e+00]
 [ 1.00000000e+00 -1.23772800e+00  1.05490330e+01]
 [ 1.00000000e+00 -6.83565000e-01 -2.16612500e+00]
 [ 1.00000000e+00  2.29456000e-01  5.92193800e+00]
 [ 1.00000000e+00 -9.59885000e-01  1.15553360e+01]
 [ 1.00000000e+00  4.92911000e-01  1.09933240e+01]
 [ 1.00000000e+00  1.84992000e-01  8.72148800e+00]
 [ 1.00000000e+00 -3.55715000e-01  1.03259760e+01]
 [ 1.00000000e+00 -3.97822000e-01  8.05839700e+00]
 [ 1.00000000e+00  8.24839000e-01  1.37303430e+01]
 [ 1.00000000e+00  1.50727800e+00  5.02786600e+00]
 [ 1.00000000e+00  9.96710000e-02  6.83583900e+00]
 [ 1.00000000e+00 -3.44008000e-01  1.07174850e+01]
 [ 1.00000000e+00  1.78592800e+00  7.71864500e+00]
 [ 1.00000000e+00 -9.18801000e-01  1.15602170e+01]
 [ 1.00000000e+00 -3.64009000e-01  4.74730000e+00]
 [ 1.00000000e+00 -8.41722000e-01  4.11908300e+00]
 [ 1.00000000e+00  4.90426000e-01  1.96053900e+00]
 [ 1.00000000e+00 -7.19400000e-03  9.07579200e+00]
 [ 1.00000000e+00  3.56107000e-01  1.24478630e+01]
 [ 1.00000000e+00  3.42578000e-01  1.22811620e+01]
 [ 1.00000000e+00 -8.10823000e-01 -1.46601800e+00]
 [ 1.00000000e+00  2.53077700e+00  6.47680100e+00]
 [ 1.00000000e+00  1.29668300e+00  1.16075590e+01]
 [ 1.00000000e+00  4.75487000e-01  1.20400350e+01]
 [ 1.00000000e+00 -7.83277000e-01  1.10097250e+01]
 [ 1.00000000e+00  7.47980000e-02  1.10236500e+01]
 [ 1.00000000e+00 -1.33747200e+00  4.68339000e-01]
 [ 1.00000000e+00 -1.02781000e-01  1.37636510e+01]
 [ 1.00000000e+00 -1.47324000e-01  2.87484600e+00]
 [ 1.00000000e+00  5.18389000e-01  9.88703500e+00]
 [ 1.00000000e+00  1.01539900e+00  7.57188200e+00]
 [ 1.00000000e+00 -1.65808600e+00 -2.72550000e-02]
 [ 1.00000000e+00  1.31994400e+00  2.17122800e+00]
 [ 1.00000000e+00  2.05621600e+00  5.01998100e+00]
 [ 1.00000000e+00 -8.51633000e-01  4.37569100e+00]
 [ 1.00000000e+00 -1.51004700e+00  6.06199200e+00]
 [ 1.00000000e+00 -1.07663700e+00 -3.18188800e+00]
 [ 1.00000000e+00  1.82109600e+00  1.02839900e+01]
 [ 1.00000000e+00  3.01015000e+00  8.40176600e+00]
 [ 1.00000000e+00 -1.09945800e+00  1.68827400e+00]
 [ 1.00000000e+00 -8.34872000e-01 -1.73386900e+00]
 [ 1.00000000e+00 -8.46637000e-01  3.84907500e+00]
 [ 1.00000000e+00  1.40010200e+00  1.26287810e+01]
 [ 1.00000000e+00  1.75284200e+00  5.46816600e+00]
 [ 1.00000000e+00  7.85570000e-02  5.97360000e-02]
 [ 1.00000000e+00  8.93920000e-02 -7.15300000e-01]
 [ 1.00000000e+00  1.82566200e+00  1.26938080e+01]
 [ 1.00000000e+00  1.97445000e-01  9.74463800e+00]
 [ 1.00000000e+00  1.26117000e-01  9.22311000e-01]
 [ 1.00000000e+00 -6.79797000e-01  1.22053000e+00]
 [ 1.00000000e+00  6.77983000e-01  2.55666600e+00]
 [ 1.00000000e+00  7.61349000e-01  1.06938620e+01]
 [ 1.00000000e+00 -2.16879100e+00  1.43632000e-01]
 [ 1.00000000e+00  1.38861000e+00  9.34199700e+00]
 [ 1.00000000e+00  3.17029000e-01  1.47390250e+01]
 [ 1.00000000e+00 -2.65887965e+00  6.58328066e-01]
 [ 1.00000000e+00 -2.30615886e+00  1.15036718e+01]
 [ 1.00000000e+00 -2.83005964e+00  7.30810428e+00]
 [ 1.00000000e+00 -2.30319006e+00  3.18958965e+00]
 [ 1.00000000e+00 -2.31349251e+00  4.41749905e+00]
 [ 1.00000000e+00 -2.71157223e+00  2.15992782e-01]
 [ 1.00000000e+00 -2.99935111e+00  1.45766539e+01]
 [ 1.00000000e+00 -2.50329273e+00  1.27274016e+01]
 [ 1.00000000e+00 -2.14191210e+00  9.75999136e+00]
 [ 1.00000000e+00 -2.21409613e+00  9.25234159e+00]
 [ 1.00000000e+00 -2.05035993e+00  1.87312594e+00]
 [ 1.00000000e+00 -2.99747377e+00  2.82404035e+00]
 [ 1.00000000e+00 -2.39019234e+00  1.88778488e+00]
 [ 1.00000000e+00 -2.00981101e+00  1.30015288e+01]
 [ 1.00000000e+00 -2.06105015e+00  7.26924117e+00]
 [ 1.00000000e+00 -2.94028884e+00  1.08418045e+01]
 [ 1.00000000e+00 -2.56811397e+00  1.31240093e+00]
 [ 1.00000000e+00 -2.89942463e+00  7.47932556e+00]
 [ 1.00000000e+00 -2.83349152e+00  2.92728284e-01]
 [ 1.00000000e+00 -2.16467022e+00  4.62184237e+00]
 [ 1.00000000e+00  2.02604291e+00  6.68200377e+00]
 [ 1.00000000e+00  2.37558816e+00  9.38383796e+00]
 [ 1.00000000e+00  2.48299209e+00  9.75753701e+00]
 [ 1.00000000e+00  2.65108044e+00  9.39059526e+00]
 [ 1.00000000e+00  2.49422604e+00  1.18561315e+01]
 [ 1.00000000e+00  2.47215955e+00  4.83431641e+00]
 [ 1.00000000e+00  2.26731526e+00  5.64891602e+00]
 [ 1.00000000e+00  2.33628075e+00  1.04603295e+01]
 [ 1.00000000e+00  2.45480645e+00  9.90879880e+00]
 [ 1.00000000e+00  2.13147506e+00  8.99561369e+00]
 [ 1.00000000e+00  2.86925734e+00  4.26531920e+00]
 [ 1.00000000e+00  2.05715970e+00  4.97240426e+00]
 [ 1.00000000e+00  2.14839754e+00  8.91032469e+00]
 [ 1.00000000e+00  2.17630438e+00  5.76122355e+00]
 [ 1.00000000e+00  2.86205492e+00  1.16303429e+01]]

label =
[[2]
 [3]
 [3]
 [3]
 [2]
 [3]
 [2]
 [3]
 [0]
 [2]
 [3]
 [2]
 [3]
 [2]
 [3]
 [1]
 [3]
 [1]
 [1]
 [3]
 [3]
 [1]
 [2]
 [1]
 [1]
 [0]
 [0]
 [1]
 [3]
 [0]
 [3]
 [0]
 [2]
 [1]
 [3]
 [0]
 [0]
 [2]
 [2]
 [2]
 [3]
 [3]
 [2]
 [1]
 [3]
 [2]
 [1]
 [3]
 [2]
 [2]
 [0]
 [2]
 [0]
 [2]
 [3]
 [3]
 [2]
 [0]
 [2]
 [3]
 [3]
 [1]
 [0]
 [2]
 [2]
 [1]
 [3]
 [2]
 [2]
 [2]
 [2]
 [1]
 [2]
 [3]
 [0]
 [0]
 [1]
 [1]
 [3]
 [3]
 [3]
 [1]
 [0]
 [0]
 [1]
 [1]
 [3]
 [2]
 [3]
 [1]
 [1]
 [2]
 [0]
 [1]
 [1]
 [1]
 [0]
 [1]
 [0]
 [2]
 [1]
 [2]
 [3]
 [1]
 [3]
 [1]
 [2]
 [2]
 [2]
 [2]
 [1]
 [1]
 [1]
 [2]
 [3]
 [2]
 [1]
 [3]
 [1]
 [3]
 [3]
 [0]
 [0]
 [0]
 [0]
 [3]
 [3]
 [0]
 [0]
 [0]
 [3]
 [3]
 [0]
 [3]
 [0]]

初始weights =
[[1. 1. 1. 1.]
 [1. 1. 1. 1.]
 [1. 1. 1. 1.]]

训练得到的weights =
[[-3.57268653e+00  2.61248777e+01 -3.36100449e+01  1.50578537e+01]
 [ 2.39949197e+00  4.01757731e-01 -4.38123322e-01  1.63687362e+00]
 [ 2.44049588e+00 -3.91083000e+00  5.43746479e+00  3.28693328e-02]]

err =
[[3.38698939e+06 3.38698939e+06 3.38698939e+06 3.38698939e+06]
 [7.13007610e+01 7.13007610e+01 7.13007610e+01 7.13007610e+01]
 [8.85775028e+02 8.85775028e+02 8.85775028e+02 8.85775028e+02]
 [9.25636862e+02 9.25636862e+02 9.25636862e+02 9.25636862e+02]
 [2.62508830e+05 2.62508830e+05 2.62508830e+05 2.62508830e+05]
 [4.78881850e+03 4.78881850e+03 4.78881850e+03 4.78881850e+03]
 [1.81001556e+06 1.81001556e+06 1.81001556e+06 1.81001556e+06]
 [2.22884790e+02 2.22884790e+02 2.22884790e+02 2.22884790e+02]
 [6.73842102e+04 6.73842102e+04 6.73842102e+04 6.73842102e+04]
 [8.94210149e+04 8.94210149e+04 8.94210149e+04 8.94210149e+04]
 [6.44311244e+03 6.44311244e+03 6.44311244e+03 6.44311244e+03]
 [5.51335010e+06 5.51335010e+06 5.51335010e+06 5.51335010e+06]
 [2.09313473e+02 2.09313473e+02 2.09313473e+02 2.09313473e+02]
 [4.08910746e+03 4.08910746e+03 4.08910746e+03 4.08910746e+03]
 [4.84151077e+02 4.84151077e+02 4.84151077e+02 4.84151077e+02]
 [3.38229647e+01 3.38229647e+01 3.38229647e+01 3.38229647e+01]
 [1.24590568e+03 1.24590568e+03 1.24590568e+03 1.24590568e+03]
 [3.86495449e+01 3.86495449e+01 3.86495449e+01 3.86495449e+01]
 [3.48063936e+00 3.48063936e+00 3.48063936e+00 3.48063936e+00]
 [2.36576804e+03 2.36576804e+03 2.36576804e+03 2.36576804e+03]
 [5.00654879e+02 5.00654879e+02 5.00654879e+02 5.00654879e+02]
 [2.86220439e-01 2.86220439e-01 2.86220439e-01 2.86220439e-01]
 [1.99266220e+05 1.99266220e+05 1.99266220e+05 1.99266220e+05]
 [3.58602409e-01 3.58602409e-01 3.58602409e-01 3.58602409e-01]
 [4.70199553e+00 4.70199553e+00 4.70199553e+00 4.70199553e+00]
 [1.35256871e+05 1.35256871e+05 1.35256871e+05 1.35256871e+05]
 [1.16697931e+04 1.16697931e+04 1.16697931e+04 1.16697931e+04]
 [1.41210597e-02 1.41210597e-02 1.41210597e-02 1.41210597e-02]
 [1.26461511e+02 1.26461511e+02 1.26461511e+02 1.26461511e+02]
 [1.68694725e+05 1.68694725e+05 1.68694725e+05 1.68694725e+05]
 [9.97795248e+01 9.97795248e+01 9.97795248e+01 9.97795248e+01]
 [1.89945049e+04 1.89945049e+04 1.89945049e+04 1.89945049e+04]
 [9.96717840e+05 9.96717840e+05 9.96717840e+05 9.96717840e+05]
 [6.36819574e-02 6.36819574e-02 6.36819574e-02 6.36819574e-02]
 [1.27213898e+03 1.27213898e+03 1.27213898e+03 1.27213898e+03]
 [4.99545065e+04 4.99545065e+04 4.99545065e+04 4.99545065e+04]
 [4.91711820e+04 4.91711820e+04 4.91711820e+04 4.91711820e+04]
 [5.72784701e+03 5.72784701e+03 5.72784701e+03 5.72784701e+03]
 [1.11601079e+05 1.11601079e+05 1.11601079e+05 1.11601079e+05]
 [6.77832911e+04 6.77832911e+04 6.77832911e+04 6.77832911e+04]
 [4.70694890e+01 4.70694890e+01 4.70694890e+01 4.70694890e+01]
 [3.45430653e+03 3.45430653e+03 3.45430653e+03 3.45430653e+03]
 [4.44535010e+04 4.44535010e+04 4.44535010e+04 4.44535010e+04]
 [1.48879178e+01 1.48879178e+01 1.48879178e+01 1.48879178e+01]
 [9.04302649e+01 9.04302649e+01 9.04302649e+01 9.04302649e+01]
 [3.00706532e+04 3.00706532e+04 3.00706532e+04 3.00706532e+04]
 [1.57285917e-01 1.57285917e-01 1.57285917e-01 1.57285917e-01]
 [1.27588330e+03 1.27588330e+03 1.27588330e+03 1.27588330e+03]
 [1.08602640e+05 1.08602640e+05 1.08602640e+05 1.08602640e+05]
 [2.64668929e+05 2.64668929e+05 2.64668929e+05 2.64668929e+05]
 [2.00599386e+04 2.00599386e+04 2.00599386e+04 2.00599386e+04]
 [5.81197607e+04 5.81197607e+04 5.81197607e+04 5.81197607e+04]
 [5.77085195e+03 5.77085195e+03 5.77085195e+03 5.77085195e+03]
 [5.69547182e+06 5.69547182e+06 5.69547182e+06 5.69547182e+06]
 [1.87271401e+03 1.87271401e+03 1.87271401e+03 1.87271401e+03]
 [2.79478372e+03 2.79478372e+03 2.79478372e+03 2.79478372e+03]
 [8.69837849e+04 8.69837849e+04 8.69837849e+04 8.69837849e+04]
 [3.64819538e+04 3.64819538e+04 3.64819538e+04 3.64819538e+04]
 [1.13711066e+05 1.13711066e+05 1.13711066e+05 1.13711066e+05]
 [2.17737672e+02 2.17737672e+02 2.17737672e+02 2.17737672e+02]
 [7.20500488e+01 7.20500488e+01 7.20500488e+01 7.20500488e+01]
 [3.15308049e+01 3.15308049e+01 3.15308049e+01 3.15308049e+01]
 [2.35904677e+04 2.35904677e+04 2.35904677e+04 2.35904677e+04]
 [9.88525779e+05 9.88525779e+05 9.88525779e+05 9.88525779e+05]
 [8.25496250e+05 8.25496250e+05 8.25496250e+05 8.25496250e+05]
 [2.78917009e-01 2.78917009e-01 2.78917009e-01 2.78917009e-01]
 [2.21940164e+04 2.21940164e+04 2.21940164e+04 2.21940164e+04]
 [1.09278714e+06 1.09278714e+06 1.09278714e+06 1.09278714e+06]
 [7.40826697e+05 7.40826697e+05 7.40826697e+05 7.40826697e+05]
 [7.50904000e+04 7.50904000e+04 7.50904000e+04 7.50904000e+04]
 [1.79592918e+05 1.79592918e+05 1.79592918e+05 1.79592918e+05]
 [1.13981618e+00 1.13981618e+00 1.13981618e+00 1.13981618e+00]
 [2.32881474e+06 2.32881474e+06 2.32881474e+06 2.32881474e+06]
 [4.15759552e+01 4.15759552e+01 4.15759552e+01 4.15759552e+01]
 [8.98075207e+04 8.98075207e+04 8.98075207e+04 8.98075207e+04]
 [1.45781775e+04 1.45781775e+04 1.45781775e+04 1.45781775e+04]
 [5.03918364e-01 5.03918364e-01 5.03918364e-01 5.03918364e-01]
 [8.92259574e+01 8.92259574e+01 8.92259574e+01 8.92259574e+01]
 [3.21697578e+03 3.21697578e+03 3.21697578e+03 3.21697578e+03]
 [9.22090240e+01 9.22090240e+01 9.22090240e+01 9.22090240e+01]
 [2.57738370e+02 2.57738370e+02 2.57738370e+02 2.57738370e+02]
 [3.84450627e-02 3.84450627e-02 3.84450627e-02 3.84450627e-02]
 [4.91435510e+05 4.91435510e+05 4.91435510e+05 4.91435510e+05]
 [2.45712148e+05 2.45712148e+05 2.45712148e+05 2.45712148e+05]
 [4.89794633e+00 4.89794633e+00 4.89794633e+00 4.89794633e+00]
 [2.08307276e-01 2.08307276e-01 2.08307276e-01 2.08307276e-01]
 [5.47314227e+01 5.47314227e+01 5.47314227e+01 5.47314227e+01]
 [3.36481318e+06 3.36481318e+06 3.36481318e+06 3.36481318e+06]
 [3.71824849e+03 3.71824849e+03 3.71824849e+03 3.71824849e+03]
 [3.12143552e+00 3.12143552e+00 3.12143552e+00 3.12143552e+00]
 [1.45367088e+00 1.45367088e+00 1.45367088e+00 1.45367088e+00]
 [5.49566413e+06 5.49566413e+06 5.49566413e+06 5.49566413e+06]
 [5.65049204e+04 5.65049204e+04 5.65049204e+04 5.65049204e+04]
 [7.75569956e+00 7.75569956e+00 7.75569956e+00 7.75569956e+00]
 [4.66801067e+00 4.66801067e+00 4.66801067e+00 4.66801067e+00]
 [6.90374423e+01 6.90374423e+01 6.90374423e+01 6.90374423e+01]
 [2.56583904e+05 2.56583904e+05 2.56583904e+05 2.56583904e+05]
 [3.58739421e-01 3.58739421e-01 3.58739421e-01 3.58739421e-01]
 [1.24319109e+05 1.24319109e+05 1.24319109e+05 1.24319109e+05]
 [9.39843741e+06 9.39843741e+06 9.39843741e+06 9.39843741e+06]
 [3.67676580e-01 3.67676580e-01 3.67676580e-01 3.67676580e-01]
 [2.68363596e+04 2.68363596e+04 2.68363596e+04 2.68363596e+04]
 [2.39378180e+02 2.39378180e+02 2.39378180e+02 2.39378180e+02]
 [6.59557904e+00 6.59557904e+00 6.59557904e+00 6.59557904e+00]
 [2.22870668e+01 2.22870668e+01 2.22870668e+01 2.22870668e+01]
 [2.24118702e-01 2.24118702e-01 2.24118702e-01 2.24118702e-01]
 [2.89903312e+05 2.89903312e+05 2.89903312e+05 2.89903312e+05]
 [7.49149622e+04 7.49149622e+04 7.49149622e+04 7.49149622e+04]
 [5.53075305e+03 5.53075305e+03 5.53075305e+03 5.53075305e+03]
 [3.09717432e+03 3.09717432e+03 3.09717432e+03 3.09717432e+03]
 [2.27678877e+00 2.27678877e+00 2.27678877e+00 2.27678877e+00]
 [2.28545831e+00 2.28545831e+00 2.28545831e+00 2.28545831e+00]
 [1.64475682e+00 1.64475682e+00 1.64475682e+00 1.64475682e+00]
 [1.61412388e+05 1.61412388e+05 1.61412388e+05 1.61412388e+05]
 [4.96801736e+02 4.96801736e+02 4.96801736e+02 4.96801736e+02]
 [7.34309445e+03 7.34309445e+03 7.34309445e+03 7.34309445e+03]
 [7.74364155e-01 7.74364155e-01 7.74364155e-01 7.74364155e-01]
 [2.65045346e+02 2.65045346e+02 2.65045346e+02 2.65045346e+02]
 [2.14217541e-01 2.14217541e-01 2.14217541e-01 2.14217541e-01]
 [3.17271299e+01 3.17271299e+01 3.17271299e+01 3.17271299e+01]
 [1.64494393e+04 1.64494393e+04 1.64494393e+04 1.64494393e+04]
 [3.47815039e+05 3.47815039e+05 3.47815039e+05 3.47815039e+05]
 [5.62715302e+05 5.62715302e+05 5.62715302e+05 5.62715302e+05]
 [4.61240882e+05 4.61240882e+05 4.61240882e+05 4.61240882e+05]
 [4.64061547e+06 4.64061547e+06 4.64061547e+06 4.64061547e+06]
 [4.05001538e+03 4.05001538e+03 4.05001538e+03 4.05001538e+03]
 [7.45195191e+03 7.45195191e+03 7.45195191e+03 7.45195191e+03]
 [9.81277149e+05 9.81277149e+05 9.81277149e+05 9.81277149e+05]
 [6.36414425e+05 6.36414425e+05 6.36414425e+05 6.36414425e+05]
 [1.84810961e+05 1.84810961e+05 1.84810961e+05 1.84810961e+05]
 [3.41037160e+03 3.41037160e+03 3.41037160e+03 3.41037160e+03]
 [3.07040256e+03 3.07040256e+03 3.07040256e+03 3.07040256e+03]
 [1.72598304e+05 1.72598304e+05 1.72598304e+05 1.72598304e+05]
 [7.61235543e+03 7.61235543e+03 7.61235543e+03 7.61235543e+03]
 [5.34888060e+06 5.34888060e+06 5.34888060e+06 5.34888060e+06]]